5 1 3 4
922
782
166
678
316
A
633
493
077
137
007
*
10 9 4 8
3560504498
6744540807
9696926539
7653803244
0226990992
8808602255
4441943497
9123812001
5015875122
8684779028
A
01158181313517
153131311381783
51551551115105
315101780111313
81111155585511
1717817158111111
131313051301353
617724712034
1801173101111
1715171333581117
*
20 4 4 8
242442747554392681839059510746
770035431388748006111236488474
273397052382168189012145885843
270829544994102040142558058734
081285331940473677901158174959
379707452658816195086113221838
795987823100991500111942285560
369959632162183456767873002770
016901987325753129797695197594
695207618562047479560249951812
391013097043257116182106322405
654987207901548259987320054496
972562202122376111320262489820
537985127541790522856004442354
327217740796885937135947401648
190023819888698181017701443837
649943244225204112445315482065
741837182826367990364898566762
438524352736384274320929785351
707671026492050470002005295930
A
6868863831180561012012058151083810
3388018000121238128810000601081212838
6300538160126010120125806081121211280
2184924121498411841560055386784
8120612100058883010335800112038515
03538381610112120100518121000066012012
3515123126008855018800058661211108
7242383124238586894322113814377
801058051230613100653531051053158
105168310012110688383511086855101206
050800853880613001001260810066881
10185123683580181261551230688188510
555080038939373705288717628862
103512106318035816612110888886018
84786365660390462449616096819297
05886012051212121051201208033808801203
514282333590744928747329550238
38012030126126100103558010812512110103106
8012168016301001286380685653121010
3888313330901188554969663073079
*
20 4 8 3
1036569480769445406099265354826049627766842986449278194629313939011798574064821748577160293506527616
6752739770530217479682480920738604099977140363100298738742736618220137073109412763738822007689723756
6639948572235283017035916651309983079838374892215928631496549537037132189571012506499558212387082718
9261834068575984735169447441459508803200159879242959995852999179159401637514450955066761953982017289
3442258838903981745818920039211785023808708216480191983189222500322605495426287296504135279451583964
4251670877285901058258909483549064344343064754982727717777253171705149767144754929602590217544614350
2279336080229842434861605221692019262882804819074651711265324547663044234735832290381729251936814429
8424350104414718637181039073492456993105568269222133258385744192001513380128140566803741436967387468
9969019352138943885533610907365253474532745559969614976968814551810573949425633594203811692249341310
9048785318804229030844084357967093062893896328444538139794402323729100492246380753779640210542036249
2186542845500599159461135182351861437921491642888924159668025323486178530804182976501790794256594332
2072898971079691383207453167411819028118427306657979634942706899911823667329184883766362852451353737
0169488784689557111963517082719947885884444519220338982690064168969477013596619774763942260878667734
6579268907871556710173961738584132380170059326097206513798766271629836153096915838591060856496558762
3777985892730222404251857527281879579259442786126543840705525603770917864232865611126496960453742934
9303555512344782100060635488534476743526750129559557821381336903570822427752817965649907252952422436
6986848657534403302875749191628436022087861421853052727766040083795116992264341869061759553562953664
2766922486245508478031515680345543437685221974841646917585532206749439174373977031725695278410095150
3777260138361216921391732929279546283596335658362694087271128275823375228985914103702441573693195652
1761849783088800444239822137781157254342652552718131335548547854892236413860262097323087853730212455
A
0301001018123010188083103116100008126103811060010101286112108816012018106100010130001120083108126008120000103610031006010010
1000600100300360080110126812316300121038311100083010003361120012086001010012663000300031806010000121266330101210600010
10100118120066006120300300101010000311120301120120081216600161210008110081000300006012100030603108110012606012031260012
16100120831012000112800001018808808010312123063300112016861011101206111001001830100000880310031010010010011263006121
088660121201213011200801201216330160001203601231203126010812301011200121666033066103081086106120611003800060180001201108
8600100312006120130301260121318120081310808808031080081126060000000600000030081010008800816110360136000881008003
10320653652706438870425744531174406471756926792679841637081318750317785509490670764027845176144195184
128680030388080012100001203013008168010110030010126101666000601201200880163300000123061208301010123008080101100012081012
70588585147515968849483544402081059809533284892699839193735133251431585925527016190021694309746889149
138120120001212386613031288312800011003103106121012110061288800120010188360600610338166810012300000110836030863010681
6012100861280033011001810000001260001210080016081010861212121680011010123600608121000120031238012610100300130186010018006
630612112100301101001206308000100800120136120012860031010001011008186031012111001260101000610128121200101001061206800000000
634795696804967174534648256992155645106909317125790457292883120684316038969693373430350550182372804629
100016101213012000010003000110000120128006012300330106103106310000011201010600106112010000311010012012010310312010811000120106
0000112012160036668386001200060612012010016018860121006100801283030060103000310012108606121001000061081101103800086108
1030000006088012603331031000812120088010080061000306100100012600120001013000312668600061200110010811306061068668010
10112101281210000088300361200081010106128010366312012100860120030606001010383312001000101166108080121013100001000010610010108
8543973445018300675691320855252218527171895645904473507583020573348357448122612251603551886953487215
0000610300120100601016001000616160108106120011000010012010610183120600061260012600006612112010803003688000010100101006
00100128101203121212338886011266000012000060808610060060012000000081208012081216601080012103610631006031201200003606800
*
20 2 8 3
3187402785142420037508521249331851511082516960286946710934080385446866038826044660431746354383839635
5505341515476809756120405554381853308469006808785397650107848123584320242024024675551771575380638282
4296233357133884677165655405799138062319224503182991678128899923821272106678117528686410519601186223
6454055164602380992401105211736592099527997347636808230753849408808970681517293083826193490550462451
6490907220225343639029871233816455447289431085548462342465948513258098961369813962316585391172590599
3157436472554980667189351043763090956615070688867685512836204705900582201261347225778981701474986264
6869120687815703885586170366722308232291194664043723333689453985921262502160585059614973038329023160
4328488195444079964902423669849473231252899296303793257716610750093220621562402793218112773059050392
6667330752468806018782733993308166809876343323144042438939489296978087931266770194558561411450049077
7629007707094774337748108367357131232924843222656542384313378284329712196740927782210853100220652553
9658390518492634507808028893646711762834685068438148140250536309786981549168903817854179144974944562
8188448441489253324668654509283094040807245180644002087459577109505515231961145548768704683493566017
7620501949409467163967352818055719989393263301230646582785610303304433079501726701351751312543195548
0452175812525196849374927234772939156957131843447587999814202697534322155431795745464545997357332966
1918469357212899546754203537723016974011952464318185715081955266074677772218662670173872979415344704
6810241823415589383572180446370171297371833583631908429683222339678427700080646746600769283538406368
2315695253990790471784213811371634195831220422681879211704834217628231355519978355207579082626580323
6703513691968267966161787287731301775244332379177783883503386639926442096335444135623193443329221066
3951288843188721036402921142430926066843153147242902305439872986782598023349265576708263453641530781
6931493768256986440813654186997783022390438036792974231652561451773235270295864351997284432779876499
A
00100634010006464330003100404610001000000310400818341081680031063103010066810883010104836688360006800601001001800
00300600006081031008043630006010010000310681338103100100010803030106100400106043464346346800000000000010380104104
66964392701439094272171930943789576027490555774193523626833201360184926993461002657941524866104312826
86063000868340103114630030400008014311040110060808103104030001061631010310103810000041031001048010613003684600
86131304434400608013411000400100860066041016003100061068406468016100004010311018008110001840080100010004013011
000060860400611038800101000360080313108800303810101080810000410084360301330104430480060440001011000306061108486
810810438100100003010100010800308804403104044100168863600400008101600110014048403408301003018061003010041340083
6041061010010666301186134640881106160040040410114180300104000088030033104438400846340104010004000301303014
8880003004681010383010010400011003100881031100806004006636460101016101418101031001004880030160010080600603361300
084133003031600600006100310080000000404146106044480806401060000010410604100401806314001044031000033443804000
58227834293956120460936217450625667342781278900157342183840804360216495532425650586796281383722045616160
10010106610660610140004688108060314100316363103046001038663343100601000031030000400180060061008100368100610088300
31056014096001861203959023821366481094613516612964259471953282840951312685457865210257364985369574708988
360400010040400181061006140406004101008100000106066001001111006434810006044000600010060686060110000004188
01010681000404101106800643000004030810630010468600100100000310010048830680000440108848030001004101600066036
810034601040600010101000040103668003000410000100001008001310641810044400180106400333103868068833081410000106380810
29631808364469729595215194849261146228276942836985508228604850186838858562755464136068041426744347425
16783379606666817555492951506990760317280866559425286474534443622853891880457619337196559916570975256636
0100410101060010100403086341400646031483881060000060464134030601100411080104011034006148000803104806008600030100
3654103209051187677744000837650137548898795805792466086382247451225206285788289647258186323060303123743
*
20 6 4 1
5724361811918453623046190055519001660043157192456851682697460391757951296907472050318709568517884592
6214333706058598310078787691185026680052870639462489459110539053711939116191269427573784759864258561
4951342502231924621682449817470865190672017109692950116007944022544721022932913100142762466060436818
9323268191222564228804066503333566804643887245880690297869322990770164665489969948060968800019089295
9534115394435695553576587766073156589018663124602251030708628133881905071385077293596788641466965257
7540156125538046827678254311581565570304977991696575590943301457126466855845124772223448790157069725
5301178412416832390202559648564096325197638413665895041925073683437056939773249740357649367627170977
5807500761504051620989536709896579249435885283565555738320401158004168668307655311906958000115237666
4243752407730836896896124371039654949389383366267846568915210485892950080339275962830841665625406611
8219750125309151995782407835647460367570302238637107568241907874922689812155110043899836938615228496
6998045386649460216345980400018619636294050918950886396539840623699238833044959939768442328500981824
8071317278327097451799592483428237581208230151808297149509941966614754779005315236161021938124788283
8538753160596669703631957757933716781010289157249522829695500891472895044151995859351232792874143544
1487558655524896238023019352996057714579243643278390893729110936827396411885302153352647550674458188
7590376600974238877658424892102852189961179792671556598178688893003291508487866034893901961750270791
0548147225459263176037908380294260204928785602149964785735764383333925913505711810208971669128651975
6679196008830358421111431004179768877400405431405616771892209377457397567123473936803904144391036797
6456789154180105029465976914921767345272802012746684171984376773609156539740934704131250909576039164
0199859996810964414325014373437478374595376592936380101538884741500179607456951509731085183559839866
8367743614335076353448918947914762658949593022957293105991884482948764913445652571901612923461857653
A
76033686179001815838421299144301106784304224517113155376401843276844576129572403748477118414751546015627
128010000311211141514001131431431250014118121214111814311205101281014510150011051103005050012050812510831303141031514121081141120
105100108118800581012801214810105140310311412105112381030151258511001211351010188110103801885085000110108312810121211211001214014
50808121405088811210881414110112121100001121214110121001414381011414112518531412508855133101210121211014551255101411215121414111051145851
5101000105101001125111013121143312121300112114510141212008101218810101311412814000141405111300141133850151231414121001012125121813
31101011208110141101214831231481100001140112113101105335501251213115151000101013081210121214111410108103388801010143510131125381
10100314100810012140805181811512101411210151208105312014100012121145111005811301214010031112505330810531010131210501231283031533
114131113120111011012815145101231514512135810510011414181401121111301408110100114111001214121214013121100051125114111001803121212
10810031810133011401214512145120810030105121105105014501400121281231410121121450180110141145851111410058315128140114100121211281101121200
14805311081015010551314810131401121031012101231310188014120301311214810051314310588121451408011001110014551401250141201881410512
228504744279831918307297811146898948314763749860890642543859438443486852247335336512786271237281521437
150605070190284996489426932209146309828069287799537601595737861594478294324193069939180653549910357398
025185877188186631240345039119441179758488496081305449164086940359445385147047387943050560374509454104
010143111412111810145128014180105018551211330101358100121008314051145038500150121483051210001414101801001812103111123101011401414
3151031212115310801414331211410810145801814180145512003535812301112151403141214141450110850111410143141212101014505105120311831350
1110140103881101581200312103511401418510812181105814314112180105512103141301312100140000581500111300140181145301212508141210531
12123505121114140101141080000100011100353121414331011101110001011120123301458815033101305311230801030501214105110010100501012353
121011231450110014101118510121531250105803123010183814181083101212141003051410031233012150112105310150103110000811515131210501210
105514155512140151210100100811010030100310314031015103121585012014101010141414103100111035121310112510115300114101401151405141212
1401233100120100011312010101014501451035010312812114510515018851385001155014141010148510143121050010101121813051012085801012014131210
*
20 10 6 2
0180707502247554215464772547420430600470626693215753442896658894866824008887108805141343208280666360
9807694094899252505726036894184064755175756894156840663255663091766203971860497092268685172493589411
9212095402696957562836249931544785996456946531207782329332418886697243157702054822256101544352034770
2859553607621009401975340576266751828201965395236523157306952727022842161790233895323055660154057253
7718428663750073141921078345590282224010507804130252671407169107332055035815441596953314042954717115
6381118859345419725867941651988518859734881422507205199486776550335420118270642584196234113788944408
4112505269744030596629500566176688068787771307558110282431078938754754424874721534772928045030107502
2668434155809581501748088108820297050498978036408573493425218357264423241144984863325667110966884346
8709075971935270869270336430998761988405691328524463406241451329618460149273328764136952327650711779
7837322660537683856173945679448154008385530228805433929507443480080938494436416971475445102640778984
0234860408379866401503375266240263861801831737578640207723347385863263349434282258298281747776484801
1550097499869058241288976371174531750410596514560680677527864219386659808650008286255007983326557132
1121883001397564784669286753095309707010461317815273193788299942912845881915616335675965096181374868
5689604412877644800016109594374043923586785759152353265115764278582041819486321776193836305044092316
6005482925902017043450494617945545306728210432336793955428332817449013834109335926522066819090936137
4411530067194618694625918876904467530756577130921583275282974333208204071884096247584214602137658490
0971978066423900414038368138848865254070812434678091150965740756273871854299876688815821318583122709
0864284052952787701231814138837035575103598869751875976592395201070580859937814912439380542282381641
6468307332364995208940222713374210072707954553393119132305862485602173890465897308313763461829311829
3203789788208741606090819421262594882972993997059968962006325796104693814303039027033434198660280861
A
2018212102121214100141200141614111201411412214021622141216121616301200100141412183161601818314181616181214221818181021818200140014012218121821616160162
31821163142314183312012020112162016183140181421614100010101618314001618142161601200161602301161612203101816214312312121618161800112143001831400
8590802273507060958650670281839880160387659656653538797835138248254284171137914287288983696540565216
121803000162116120223142031001420116121616100181218122031600301201601200010216301211212121218141201601321200183001202001616200142011200
110181412181616010221001403120211801400321218121212142020211821400212012161014210163021001220020018001414003163000014214123014101000
160180001818030140140311201816131401600318180018180310141818014121202112200331418161116002000141220018121216141201814031612014000118183141414218
8961382220218509175422143737235241672814038008115777994487132876035236651651494962973333248656251997
121616181401400018230180020114182181802181812212312021431831182016142180101430141201201800112161414120121400141431814181600120161610023161618181401416
1812321031030012121816312120016140233181160318181420163001218012141416014216121401400012316018141620143121001218116140016301201211602100113
118010121216162001161801801601031401613141418001422180180002121218182014003123021141401418221823018143141401614016310141014140021216142111831814
212014181621421801318161614200200101216161214212160181601820180010101181614212211120014101801816012160014314014121812120181231812180114111161418141820
000223114331816320181214012181831160100114000102140203160014016216182161101211816141203018161603182181602221812181612002213180012160010012
0012018180220031016141181416163121816100230023121202141600011800121003011818123331412301218140181803001601600016103160231601800114181618
016183162141401218111614141822201602303140114214031200181611801030012000121600001161412118018122140180314181601201116030180160202141423120016
16220141812312032122012140140214314160131400140021611218120214012001613030014121800121801141432001801402300031216012122161618032323016001
14140000221610314160181631416120301818116321414161002101601100231200180121012181231140001221812214210181814231612141018141201416212001160181432
231031182161614120322140142018016180018181418181601201421218012140141611823000231601142101612101810180141233181161618181800181200018018001212123
2181614121814201230121181120120018014001818012000100200318181631001810311603120301220212018218033011801430121403018201412121812018016140
16141618021001201614330122183142121212100011412022112121301400003000300120201816121418016212010183214160183102180001160141601812300018123
012201183118181221811401621623218031412012161203141818123112330331203316183161222160120131602141630180140202032121200140140318161621218218160
*
5 2 7 3
6988566048767654474895802892158746705329307262802201994293619605585030170916309541942382865727377091
0102211730583626920707724224237547780884034498200290184708152808779087682041863004213813928130128046
9061214079204617542473723841199218649268298852726983257664995116990829668745930528174852441954666868
7567225155895961013486453229089855779204995502605073831155073971658599190740123842435542079567652701
6428168413255882354524103955688421459312658446691155786073763725072225401245134461039859147539248782
A
821010088361008080660610201034102400100680300420304841034430226420802830010030300320803206026401041080040000320
3034400003010084824303004644640006001031010630662104334230106031000410310002310081043601080336400100024100030410368
2380406302436800064600040106002240108624810421010040482100400886220008223104288100602030410006100466020688810810
00804400001020280300610860044231021000002436220034830300100000030020080100220230630401064600064302080804030
864100810600400101040060460302008101064060200480106688200000108300080040304440630460006680302100206000246100104
*
5 10 3 3
2748843040984658794862014383511706802109417892871270693151604874675015957838047484454989041748108639
4443371339725379250591242560219863192448540177224395639088229105636181955164098449922133955098873403
7994251269601853188056246049545264781818990095605601257851026554142245055386867429774450872649055281
0075351230850724106979720796277286933276352326766676550749569389192520357582470237004009257308227479
6044848448677702903370688806595312916752722512924261429331100832233101385556948366729874084097410023
A
124141818140314361814162184614181612301401802004316183120361404186121840124316600201631418414164230262418018314414181414214618631404141803181606
6382322809520406680699312355438078420800782942703782915161806825667850848262734032426052335937516491497
38892827565519064194820313900436425929675348244965347390690853617300289914740336883714795992564214465
6052087975268849451629270716472077387276813897054127064037795104052771474986881295192597387017434933
163141418141814141816444312630043161818183162620012601642124121220126121412160141260000331801212000300182221661418016164126184143181436414033120
*
5 10 4 8
8136968020947032102299638190029852449443457472683132018029221206662508075912271586907901833175931311
1188111394090929140175340403814125056387789901015025771741022657372201991883184709478562986154801322
6237221627338929693570744757071615647901856969820187372949776858534426633221303311370565454241215869
6421642266789070537193654061921565950198968975149088345941156414921130039846670578524011346109601935
2501667239920444675142341165020272358291285249808442877185607855002832172817999853252172753440960475
A
4895787764210529794240257514274783472340891846917341489132560150517754953359942676037160338555707794189
4720919813549573630100071401385959950933487355830052272322573278185490738596299206624888155474405044048
16120312120161230018512516501383141431383016011614358018116516518128018303125145331618118101414121616001212008000003811611411412140120118165
16141201614121216163185838103050161148160512011615180518516185310145818180141514001161401451200088051814161638131811214800014160851680501
121801616312055128141414163101412014001618128123120118125012181121451881814141218330181168318118812180120312180355518101211203123101414851681431
*
