5 2 7 6
715
798
473
073
584
A
000
3541
600
235621
0106
*
10 4 7 9
2661270528
1088554852
2979592830
0777196160
2720708183
3221202687
7154085691
8180460291
7531871042
8335733212
A
6101006090612
0912120081206
62020261209
900002100109
606909120120
066069610120
000891201020
1201298109620
00001200986
12000000606
*
20 6 2 8
026068686911866279785297431704
536332112005301020118830575866
231066507707359651982967935513
337443215987833700819207901674
028984405095779061362282194283
787795337036735631989127649267
657326179895778433852764748677
352207834924413258833012606565
412635338020671919794317587153
994179832735914327219642490137
726356349534225859690767926251
923861497362714492371549261987
279877938865056697845001949337
087164950756474035020742056082
780626113300957570174340756554
745917740270285943270827992549
945656330377408912431523212688
794260995152114926371423766144
114652863508911424051315781517
220805004354455517134265955216
A
881281214121412700141212857514387510105810
311211800888318088800141418353141212
3175110956422715058627472751273780
1151010180371451411588140788578012510
881471410108387355781201128814807108141
5145573115811251312107147085121078125
0172545062044083250397888020391
138885141107810100183141411808128123123
100812131114888125070757101053145031
771005714185137010185807121081078015
58121312110731108831437127851257812830
781141201075112850101078150310781207145
857145571141412383121275141038807107115
814501210738531210510813888510883128148
5148128120011887353580510110853123310
510370551088588143710185814857783107
602534259238018514449469323248
067600124406701065481274409803
00101238141213814700108108301035140305
8881483881013101033305011081237338012
*
20 3 9 1
2004676369677235562205117620829332911847734450206628359143126351772859722289229094821055378925092599
4616025466452506551841089073783156970627384734382596895714195602229381030415166335924617346809231189
5837462528865001819365186517799292140592600100304440178832503443859820380502653017224209489845332235
2835457222439866087567514869214629167109363549347016969465308970008718756000135058657513266173373255
2429649776745694327885150454621165029918802564926807414479063379873786587035429231972432548995084672
4513561110342536168626743027812265611742988151060844728242024462924010510545761956540664086442737360
5136801765631471267263917866327852442819302462788406999896528416670953083249439490181091663706384591
8924283823315428619595213599211003441035569221004053776045068399655958726640751378848442161092177693
7673226177667405060131345422317095517146022864380315650114667366829753567943593854311553111868472367
8435390913968291066178266630217053894805291231357097015890811727008500049464722641544023027291103973
9980366208941407743760161286159269228948955127092388506824461688530546432964875023183768416594549503
4676752527652938616242838308121780576720605890684408802762794062319183164965155596486674063489812922
4480556621219818602668277080132593640422745727509968785505730119695638004699549446416989572595774449
2629218967625054043737423309869221172960944450076349304846744666985294488953150716847223017483173813
2611784865773530073082588881694978048644111596793394562340712109126082624895664015692826119351463282
5561556132359941080101653236540216563397552668866098153609373594442773448805603523340920057338972141
4975902605338699711799249112455165685045590651755846970901358087547041810077464151760970207235101837
1193383959020900081200738849979000658975899990918268534330429359316403903914135953926572526471534276
7872986014997136610256828454841538828632043076847884467424909284286061498795691571038982393413833559
8288994587159319211506031884556674476044872923844126021129604484823637137549044656250594476014417782
A
51179090909005000955100009511150005000117000770151995110000700590000051100055511055010711501000011050105000
7909150799705019000117011101000110009001950011700701150091100007000915550011010170009900005790007911105000110
0110079505111190110110009001190000005050710059110110177710011110501077011001151011101590010055751071101170005500
511007005557001199111009000711905079500900100900700701090907900111001111100110091110001011900000599000000500
57509700090709070501111000170795009015000111115097059111070770019000011000119011010075050000570507110001117905
70000900010750090911959070150110559090007501111000191117705115751577950571010010700900090719971119775000091
000911100909007005905900001199050110577511000157950111171900011090511709901000111057070070101101009900190117000
1229601198764971680364271834611953113444430959210266696791373498922568914229142188049839988427519968
0900559000990710191000070755000100000079155119701110009010079900991150000090070000110700000000011911705090
117000010000911500199001159990150010011071110500500000100100110111000501111011170797055970077150150500010000
00111099511107071007009109051190005905511071100005010501111019115779091111001079705097110015001100911709007070010
79090050509050011909575110110111050011100905191011019117711111150950071950000110097090000009711990719071101105055
4396595756587666105817705688283634503278848636466949619399339623073513599372118732915077000172491072
5950501109095010717000075001011905500050910777011090700171179077999011050771111000001009117055010071100001100
48179359688750620732678510435970997842922918082257615588551341332036438741749996957608483519862067602697
00900090050000701111010900509071509090000005991111991011000910000007775000771111109100500710511000011005070
9826905525908639593571403292286280870523135191162440780101331179478422955777803069247450805942181945261
000001100001510111110511001111700001119011000110000100115911007001750000009710010007000000059005059700007509
011050119107000009901509115117071170001111511905170109117011117790757010511751191907011000900000101101150007001100000
115111100701100000005000191001111700990770917711050501177059150050917711711509000000701779095010077091077000115
*
20 7 4 7
2381821491228262363408681611443602806946278216462904993174411801281897634457293406195402055155475776
7491049354950055679727094780666328722670295392060254174542510462237416645495693830347902375411835706
4609016919761219131708329176173565467170258499334607439566276722290108345286339819572631478063482722
7582778120149834465055318720464113512644650734192698421223389923276450137112721012055199747849389936
9606938771784751070919851140196258141139309797024215193239460387111537667559451892604157095243987230
9967638109191715064289445322672760455265394797494924068523900379544082521190930544152124446594458078
2503616776412584739377861431410662246823666845430567355419862048262866325029774720655129205609448954
7894035729650427866081703351427408832424391536312941333680952895778930571727370776021480495976463277
4368207787476797199786672068437185905875542111140010700126971800312190646189215518708941750940191302
5961062497136956099859911024336925043583206011913890081183848432956307857678761251271582966931246097
7726394388551822326414645082001075634364139213676537193993123443926574087921310183095386810454749506
9278391821927924422363719688105242073468570494037385676736668382710058025194790628108081660598961988
9915201991842940921883592455664555297408784989993374643091677024773613602102013563937558615530927200
7721025269722959438065727644076749163689552969104121693459076972888346324730843355425782800597797833
6852513556813450353255954843676554725000803458403929636020500257632152362709740144228850000028881018
2546446116470898640953971784912387023864601693777962282372973222946422985276563572900157556199505148
6581877552036058326194285781031681989846369986829638279847142433541637386474178233280186191536800275
1037412702966248525818464264432855508999295039803396132770446621173273114817917256881269203885212531
0624453371549543702225022246078062500867133397680002735971770586057055998229908928493101278258153051
5403825943963577678048497562733293877371889336013030991878043473750509887832643268278555569908293445
A
5159615931079854300412352808643178032557955052404746991183247577682857564269439106715055471129089386
39898520646563519982321530817390281256232088651551704157160090230657280400565632832440376587500765405
662240660916319295062380136213171595574885438667165313538279786838607086759515444995450297487082045065
0703547137674925863681018514190360735440338922408986119160799738803368321315587576209115497580562918772
450225909293377444360181388210477499002123482326874892921964101872992107755989687266570886498577796107
55133130150750503017131191551111109913393137111191310511353115115911713151905770351111171591900575071111101909111111131511111157315
917013013331311091151130503315130110011071313991113159013131315111110711330111105151397111591391513130917953311397131109597113751111155111
9457349124924908103082966036992849773785399899601201608223933347214502044123205347539551867113834207
110131597331531131335305531513133971315110301515711531111900001177073770913530157700905713111301559011015371551103175117050079
15130713911530013511375515155007911001359171101150971370050015577150015015111511095113073151313315313091093011595131350091113753
3391305110151511015990913110111311171597707311301101311005900133131030505500901111059131311715359000701507510151315071111131151713
59315050159059359111199013030513151507191197301113151371151170301511331330131313150159307711579105113571391507157150131371515513051515
5501970550151195117590151501591111131311111953117153151151555500311131107501333791133013001379079700113050311151301107593977
339079191353995151101571313931311117313311501301315511951350711090135011157313539151515011130911307151100111191315915771533531500
5190063010319030516266959082540071297790031956118736643541997116265135330747360355939405504418064679
9111131111130013113715515131175105303151150901537901513111370135033351399159039530999511131199515193131130139577013111305517101115
13115015331197013711509130511915131507001315051551511130135515131595130159351511301191100111013030151311311031590091570151305010131577931
070311093795131391115191150151113119131111091511171555595170515700513009337111113139003093000111503503911315150913597015151909100
7139111110030111511103799917999111373157139177151330000531315777930153033711513713711551599557155915115007093159115010710
1117015915110513013313315711151153113930095015330301515500137007075501531571101130317175151531509131109131593151111135571595011111
*
20 8 5 9
5573086237709452258836789239282739250973873718956059828751691086014021500891988503688475854962883207
5576569678173881456232495270498947514783512010288001362081040846619287751984202025351552686880444384
3526700925142423197974766320637189951263779111641430808431724654552878168079434799770645939597962341
4792983337037029666718225309762131539882897790676440262793689815160258759428407343391763251455971998
7659179777040532517768125017107193022990826999340029053684594425927247421030185389214592164806309123
0673813990209736428682409720065242525935985158792572014117313868212826524051020298611022776372103506
1507778799189720745721015318836088955846957049225799011542628446344020718432556037038112575311245877
8408051517545795808675196352321484209350336826518396007764199437860015240943706557367053565408316318
1543418316963441596251882398928075546497205650909547745176968087543303023788990156840558166185031483
9852863755822864534821908269642759137423237636099573894610796961076841364027646616995578747455762668
7943980639447564132001656430299185404469505271887017374910251360800478540397678309236930975002204473
2482770468969205355241445961355805274410417359986620786472838330857221464321211873073633916961168800
1597818349134208061199260320431502383317552995791030958191236508756290147356857950278087322192968807
0137785554717105304736028016035058949494087797438823627540164981775836545236201285558424551149249922
5982221642848518934695757196040839073337631683608069865574388384281725400881161169165635065123541825
5876677930129407042227342095933430220915149180006438383514009362616600324355575110149410012950431014
0487954421752913325639501153269419104778943336698353226341868929861238243778357384727361669461547791
5370159608015934215806567027730577702665788473895507173077751920790188877614016766473992699981953991
0787611627585970863654666739922922683767717206502080466041154546706292983635287787924750865429011842
0515240629527641591486827130972235779853735692751011813547566081550536031812099310504058934632988053
A
8760161112162770685248548546024112328439878347325052826892616227471437624470303808202001294019966120884
002140144142160201616012014100101240102912416412200122160001090910161699001410916091291612141404101622004161210910910000000101416141616912121201612
00101429941000121012100042421221414010914020164400101402240001412012091691612002101214012001016216014169241201224422914120404042414100120
122410416000290291041414142016101000942141000000416161016422491421412129101410240141641600014910016204121016129201200402140100012004204416
378570711745696085848066902337164914985280861469165072864198826438038878057115032559957466461034059137
914201600449109420141210161416101294210991401012100100400416000162410021090120020001614161001016101401012900910910416140091010221402100900914
0092221624401642109212021009000016160149161640016121440291241010024490001210141016121214012129109201612010001490290160010020000101201622
161291690000201202401691614200414001001001216121094009001416101400160414992214120441202161499001012941202914002014290001401291600140016
64616465312900583638897144389145516174807229570853864679209323876615016060937935521988029963542333957755
4160101614020016101016141200121610049161014414121020400212100100214014944020164121409241441409214161200141291021412141401444002162122120021410141416
241204169140412122014120010990140141209104401601291212144090102016162902021240910000149169912216012904214216094100144094209910109121220
101216102291214164144109000010120121204140000169010212120912020044161414109216141221016016009160210100121412010010001620920140040144140014161699
004216016012400121091691400441014901091200091001600020010440240909401604010014091620141049012200141602409102169162010100410414161692
9002216000122020900912201491016901490090164124124129162242120161610014102012901412416022016014012010014109010160001612101200001241012441010
041610101001412101612160016401214402020414912916049200021400141601491691441614002120161601612101602100129916160014001440140140091400100012016100
0162141422409010412929121010102012109404001209101094000124016999141201601600012994014101401414990101200002000901241209901040912009012
912162401212100201040001001404090000101441204091222164120001414416000101014012016141641041614010016101202216002016122102014014144121400122240
00290041491690040121000169140142910220902229101414021616122016400920209222004109249016161622140129014214141220441014444160400440
3556672948191707674181170405090548125511440731690329456608227273015768823926208232308960004931352051
900010129141040102141200401216141610200942101000224160020014410200900160001220141491600090014900160109440090912901640121401041616900
*
20 4 4 5
4726801134136056097500153662118690473586221826625305632918320109176446268542127867640851785996025899
4365929056933575528224312357146884577492107674238270813240985885234175586255898836829345463161804222
9725291081947966322987261077499384903234328316168579395492333574986229871805443591440102647994584226
1165960625128569673410407901320556074237961837916267409111576721340985871954948564516649896468714832
5109375423107633583391782696441281130672085970328850948109074194427484904401453550744587684295637397
9884405159809566043829134783380268630445527674290795608207537673668702476233884854546466321009565637
8045270077031677256797996683232136876093708087023694506466799225022622224224046507187725314538040225
6672916162881960706222771733260049351969467566636478658941567794729838974650235175150974123092484669
4770443890985135022345469843434003167656666292924159897703268799027084861582704132241113562551673471
8871386200552096131893444037610710840680735155978179415948821992108168154879566574447133236347857666
5919888577163702938194633491357078979926834335640479033502639536643758563996472539455715970155731306
1546443115657222039119286217715880644157714647860773823464337835890415409865761050334790323108818859
6995072733985332222548866776755366063268756509743129908897472201819455433385470884984786523965076014
7792098560344440226779635923959838137985130586729498573286891784890500136306978039098437216514295267
4900206406435744383519226433803393546486041816246717842487097329875433249421067631515985704638538281
5055698677428265143869718448749277938926968984720026199944910957873665473372946068878892485490497766
2255729787946744738315035425303738203473368962537598093656386859692151598586961610629004652439619834
9039545409219859055800359970925820096758670677785465413620614326647212101388056515368641802246000944
1542022391806386127152398519473759951280392141763770939702850325242583532068134624719819314379013473
7461420776402331143489958163656504768946588011348696603629287037525319199992347318990452572288950704
A
381406099190204840772754471519767020731661793197384661001374241255220309678919947525746873220545369519
80101565511050013116126680060130810121281338560531038601263512006855121121216080311121061112512120101265081810001001258666
536165051205835101006651236100533855012855060806120010010121350518560001385121066512301251880150885056108355811286610
001015105106106121105103080585355006511105386035100120350106103855000131036008551211230518581211081010108512510810123081206
23083618356352792539818529028642241522379006205658551506420594711885233235075652607050622673346454178413
5121288510151255110105801265008312001256101210058811631038655351105126531031030101012356831060012128121818108101006055511011003
5008617687422195464010180604629349322113055267003606644706380234377808325072774237811583311454013995928
10103650100106121205105351066633030061055850105105810311010100108312101125801103358365120125381015601031015538060556812810105
83358801255512100156608181051280808550010310110101010656568015125335061012355563512812100112635800668000011061101030830
1212300121065511655100001250888503100530512851012530101153120358015812126055605120101201812351101013888300060100831213101010
150512121213301003565012058100085001353125355610120800110858355001561005101010803112110055108361058113015350113000510
36907014147273844995055450829282993616023950356966483928902832121602225512849437085577399794926088530202
8732450119860960452283136356535400847058157263208438961598471933119836943660180155041323260575988081775
3356551211050888856610335100156051512012003512100511210365851213061210125031281255155001005105312505551280360101086516103
8555651085108013880120105661080012500501810812105801201068103031286812355306512318006858605103100010151213581001210126120
6238980623875493344124931904446199180164441200536168583973310949179186552875048657425912445460577508
661136531235810388301200150186105030126508300101251061031512550101100121012151056010151211210510010051065558101680510051208
5505181855605121551112550155355611265551031121035103331218101800106510080610108360605001212511010101012108012566810555588
01865660501251001210063016051210583031551061250560803100335505356121506168611201065101200810683051205008035500830
3810086533108560000808125511201001011015831012581011212500081210510105010656123503161005055556083001255581613661212515358
*
5 6 3 4
7833309578992567182089064712454137669536327606514742948341506249107163997977521925419445626240452388
6004973604529951496234696079459259867227601696757591060887925972859773643725392362488676681378585653
0295110523885473261042342128993932555727027786204411865199190684059533455333055698707216345406803978
2349694849568267793059457470369795674080236274963298355204350451111549764483890411276098444789012186
0644048030471967156722421545824988305310379485291095237501094404555298227278719038554306627297743482
A
6145946949926378031760756096436063667473665224328416601402065871159098457909433494255317734413758757
124410640124102866201061280101261244610268261412488412401261242426041241414468264814264401210048206801281014141241212140041421421220
48620042801414210408120410801080814660608222484484414128410100014122066064121410426200102200042212614444801201021041214406414
801061261014106212148124460426102410440126462124104144801284106120861402284100241020000210641210101401464100084124614101010414640801412
41210104101440410406124021248810802102148106141404200404610142860462804240461010410222861488484144064014221004121284864410010148
*
5 2 8 6
7063135800997231568267045119285101416996906841190046942473603133486195715591713937543090572906446155
8586007910869602815307405153421279009092200281684115185892235374204206628768036469177968183813353795
5693561517177356437530645918815495943114021978613396552164167726422753357655738087734962389071835022
3583158806986830725304397425447017322332942726018540901845381302036369785259871825035329870900136984
1526906777702950279279192428402587379176868364303430662814877247974893790728370723902183880504423822
A
068000010661104000810480660001410006060811816810600166681646008600006108010000010000100060616004168668000
10010866010610818641000060660000640401661614466410081060000100101440000646646884100810608681000181001001000000010
96626690210428728998530043384943506385306341333143098202550246516155987742077492911733210236908725435
9639370581976497542153147890632795644604914653509844171880043414008660161727099275803983907450070157
0048168000064106401401014641066401000010081081008606060688410061000460106101001604100060401640100101060666401044
*
5 7 6 7
3926810678628759946648359943716300101160152149333128955161442292202531648062097321317843109348560043
3281265274696125270370720403466786014531212835554583557808166965666241463868313963341043079767444070
3388166771855116479440318774964394130829904648285340683452059600033017930514344198356814011973076590
5835649103223772516829702998798293770892134434885467569979860881479450885358737205153351459458715853
8614962801229372845215875682465529937319731881275097586266622476381042217396435236906722395852683807
A
039131507131151391510331113131115003311010130770700137009011300009153000130111199399790001311157139731090001151100730111501377110
0915091309111133130909170171971170111313115137011000909150000110150001157150131331301313139110111301513150003130011071107131131111111717
8964236897864300478906734927407215858539447978115107792204946887375340284091002514315736242821870506
015001311307099011900131593179331513159301171539001111011151501113101333131513715150111311071515000151019700000001103110151001500
24634882045104666207617334319761447825241751439050913867298496752455189377610648631948869928705061509436
*
